version 1
nodes
  0 "NotABone0"  -1
  1 "NotABone1"  -1
  2 "bone0"  -1
  3 "bone1"  2
  4 "bone2"  3
  5 "bone3"  3
  6 "bone4"  3
  7 "bone5"  4
  8 "bone6"  5
  9 "bone7"  5
  10 "bone8"  6
  11 "bone9"  6
  12 "bone10"  7
  13 "bone11"  12
  14 "bone12"  13
  15 "bone13"  14
  16 "bone14"  15
  17 "bone15"  16
end
skeleton
time 0
  0 0.000000 0.000000 0.000000 0.000000 0.000000 0.000000
  1 0.000000 0.000000 0.000000 0.000000 0.000000 0.000000
  2 -195.000000 -8625.000000 465.000000 0.000000 -0.000000 0.000000
  3 0.000000 0.000000 0.000000 -0.047584 0.019869 -0.001532
  4 -0.000022 -0.000131 -4703.000000 1.072245 0.005576 -0.002200
  5 -0.000022 -0.000131 -4703.000000 -2.862379 0.221933 0.040921
  6 -0.000022 -0.000131 -4703.000000 -2.862379 -0.221933 -0.040920
  7 -0.000014 0.000487 -1675.000244 -3.014272 0.000000 -0.000000
  8 0.000018 -0.000475 -2429.000000 -0.758187 -0.891361 1.846246
  9 0.000018 -0.000475 -2429.000000 -0.828833 -0.904787 1.935318
  10 -0.000014 -0.000964 -2429.000000 0.480277 -1.084479 1.604311
  11 -0.000014 -0.000964 -2429.000000 0.545887 -1.083661 1.547499
  12 -0.000002 -0.000422 -1527.999512 3.129321 0.000000 -0.000000
  13 -0.000003 -0.000103 -1528.000244 0.087437 0.000000 0.000000
  14 0.000043 -0.000153 -2485.000000 0.714835 0.000000 0.000000
  15 -0.000004 -0.000228 -1363.999878 0.000000 0.000000 -0.000000
  16 0.000027 -0.000133 -1363.999634 0.000000 0.000000 -0.000000
  17 -0.000020 -0.000327 -1364.000122 0.000000 0.000000 -0.000000
end
triangles
"ffdtex1.png"
  0 8122.100098 -17141.173828 -1952.966064 0.707107 0.707107 0.000000 0.242188 -1.007813 1 8 1.000000
  0 282.409058 -9376.549805 -1625.562134 -0.133911 0.267822 0.954117 0.132813 -1.484375 1 3 1.000000
  0 4980.104492 -18839.267578 1247.535400 -0.133911 0.267822 0.954117 0.007813 -1.000000 1 8 1.000000
"ffdtex1.png"
  0 8122.100098 -17141.173828 -1952.966064 0.707107 0.707107 0.000000 0.242188 -1.007813 1 8 1.000000
  0 4980.104492 -18839.267578 1247.535400 -0.133911 0.267822 0.954117 0.007813 -1.000000 1 8 1.000000
  0 282.409058 -9376.549805 -1625.562134 -0.133911 0.267822 0.954117 0.132813 -1.484375 1 3 1.000000
"ffdtex1.png"
  0 314.037781 -9395.149414 -2247.134033 -0.264870 0.198653 0.943600 0.101563 -1.476563 1 3 1.000000
  0 4980.104492 -18839.267578 1247.535400 -0.133911 0.267822 0.954117 0.007813 -1.000000 1 8 1.000000
  0 282.409058 -9376.549805 -1625.562134 -0.133911 0.267822 0.954117 0.132813 -1.484375 1 3 1.000000
"ffdtex1.png"
  0 314.037781 -9395.149414 -2247.134033 -0.264870 0.198653 0.943600 0.101563 -1.476563 1 3 1.000000
  0 282.409058 -9376.549805 -1625.562134 -0.133911 0.267822 0.954117 0.132813 -1.484375 1 3 1.000000
  0 4980.104492 -18839.267578 1247.535400 -0.133911 0.267822 0.954117 0.007813 -1.000000 1 8 1.000000
"ffdtex1.png"
  0 100.878136 -6138.525879 -5589.887207 0.998420 0.056057 -0.003962 0.960938 -1.523438 1 13 1.000000
  0 -318.422211 -4574.345703 -6079.857422 -0.025811 0.061534 -0.997771 0.984375 -1.625000 1 14 1.000000
  0 -9.852430 -4684.744629 -5807.090820 0.998983 0.042353 -0.015463 0.960938 -1.625000 1 14 1.000000
"ffdtex1.png"
  0 -284.699066 -3211.530029 -4963.911133 0.021516 -0.339266 0.940444 0.953125 -1.742188 1 15 1.000000
  0 -305.061798 -4793.093262 -5518.092285 0.024693 0.027296 0.999322 0.945313 -1.625000 1 14 1.000000
  0 -9.852430 -4684.744629 -5807.090820 0.998983 0.042353 -0.015463 0.960938 -1.625000 1 14 1.000000
"ffdtex1.png"
  0 -8.323623 -100.618820 -4022.100098 0.899450 0.414279 0.139149 0.968750 -1.968750 1 17 1.000000
  0 -35.591335 -1563.629883 -4591.138184 0.999638 -0.004256 -0.026573 0.968750 -1.859375 1 16 1.000000
  0 -252.206619 85.250206 -4201.540527 -0.012967 0.808991 -0.587678 0.976563 -1.976563 1 17 1.000000
"ffdtex1.png"
  0 -45.208027 -3123.631348 -5198.363281 0.999726 0.011408 -0.020451 0.968750 -1.742188 1 15 1.000000
  0 -35.591335 -1563.629883 -4591.138184 0.999638 -0.004256 -0.026573 0.968750 -1.859375 1 16 1.000000
  0 -263.352203 -1647.223389 -4368.169434 0.021140 -0.359784 0.932796 0.953125 -1.859375 1 16 1.000000
"ffdtex1.png"
  0 -9.852430 -4684.744629 -5807.090820 0.998983 0.042353 -0.015463 0.960938 -1.625000 1 14 1.000000
  0 -45.208027 -3123.631348 -5198.363281 0.999726 0.011408 -0.020451 0.968750 -1.742188 1 15 1.000000
  0 -284.699066 -3211.530029 -4963.911133 0.021516 -0.339266 0.940444 0.953125 -1.742188 1 15 1.000000
"ffdtex1.png"
  0 -8.323623 -100.618820 -4022.100098 0.899450 0.414279 0.139149 0.968750 -1.968750 1 17 1.000000
  0 -241.549301 -89.239952 -3753.432617 0.024310 0.199581 0.979580 0.953125 -1.976563 1 17 1.000000
  0 -35.591335 -1563.629883 -4591.138184 0.999638 -0.004256 -0.026573 0.968750 -1.859375 1 16 1.000000
"ffdtex1.png"
  0 -304.992157 -5568.835449 -5393.000488 0.025085 0.159150 0.986936 0.937500 -1.554688 1 13 1.000000
  0 100.878136 -6138.525879 -5589.887207 0.998420 0.056057 -0.003962 0.960938 -1.523438 1 13 1.000000
  0 -305.061798 -4793.093262 -5518.092285 0.024693 0.027296 0.999322 0.945313 -1.625000 1 14 1.000000
"ffdtex1.png"
  0 -9.852430 -4684.744629 -5807.090820 0.998983 0.042353 -0.015463 0.960938 -1.625000 1 14 1.000000
  0 -305.061798 -4793.093262 -5518.092285 0.024693 0.027296 0.999322 0.945313 -1.625000 1 14 1.000000
  0 100.878136 -6138.525879 -5589.887207 0.998420 0.056057 -0.003962 0.960938 -1.523438 1 13 1.000000
"ffdtex1.png"
  0 -812.738403 -9393.422852 -2224.743408 0.000000 0.000000 -1.000000 0.101563 -1.476563 1 3 1.000000
  0 -8585.530273 -17161.632813 -1620.495361 0.082761 -0.082761 -0.993127 0.007813 -1.000000 1 10 1.000000
  0 -756.384583 -9374.958008 -1604.919800 0.082761 -0.082761 -0.993127 0.132813 -1.484375 1 3 1.000000
"ffdtex1.png"
  0 -812.738403 -9393.422852 -2224.743408 0.000000 0.000000 -1.000000 0.101563 -1.476563 1 3 1.000000
  0 -756.384583 -9374.958008 -1604.919800 0.082761 -0.082761 -0.993127 0.132813 -1.484375 1 3 1.000000
  0 -8585.530273 -17161.632813 -1620.495361 0.082761 -0.082761 -0.993127 0.007813 -1.000000 1 10 1.000000
"ffdtex1.png"
  0 -4856.405273 -19341.482422 462.951355 0.707107 -0.707107 0.000000 0.242188 -1.007813 1 10 1.000000
  0 -756.384583 -9374.958008 -1604.919800 0.082761 -0.082761 -0.993127 0.132813 -1.484375 1 3 1.000000
  0 -8585.530273 -17161.632813 -1620.495361 0.082761 -0.082761 -0.993127 0.007813 -1.000000 1 10 1.000000
"ffdtex1.png"
  0 -4856.405273 -19341.482422 462.951355 0.707107 -0.707107 0.000000 0.242188 -1.007813 1 10 1.000000
  0 -8585.530273 -17161.632813 -1620.495361 0.082761 -0.082761 -0.993127 0.007813 -1.000000 1 10 1.000000
  0 -756.384583 -9374.958008 -1604.919800 0.082761 -0.082761 -0.993127 0.132813 -1.484375 1 3 1.000000
"ffdtex1.png"
  0 -612.654053 -4682.335449 -5791.816406 -0.998115 0.050301 0.035149 0.960938 -1.625000 1 14 1.000000
  0 -534.047180 -3121.677734 -5185.976563 -0.999356 0.019387 0.030200 0.968750 -1.742188 1 15 1.000000
  0 -295.533630 -3034.137695 -5419.471680 -0.022784 0.385992 -0.922221 0.984375 -1.742188 1 15 1.000000
"ffdtex1.png"
  0 -273.655029 -1478.537476 -4801.371094 -0.023173 0.365732 -0.930432 0.984375 -1.859375 1 16 1.000000
  0 -252.206619 85.250206 -4201.540527 -0.012967 0.808991 -0.587678 0.976563 -1.976563 1 17 1.000000
  0 -35.591335 -1563.629883 -4591.138184 0.999638 -0.004256 -0.026573 0.968750 -1.859375 1 16 1.000000
"ffdtex1.png"
  0 -284.699066 -3211.530029 -4963.911133 0.021516 -0.339266 0.940444 0.953125 -1.742188 1 15 1.000000
  0 -45.208027 -3123.631348 -5198.363281 0.999726 0.011408 -0.020451 0.968750 -1.742188 1 15 1.000000
  0 -263.352203 -1647.223389 -4368.169434 0.021140 -0.359784 0.932796 0.953125 -1.859375 1 16 1.000000
"ffdtex1.png"
  0 -500.438385 -1561.772217 -4579.359375 -0.999703 0.003741 0.024091 0.968750 -1.859375 1 16 1.000000
  0 -241.549301 -89.239952 -3753.432617 0.024310 0.199581 0.979580 0.953125 -1.976563 1 17 1.000000
  0 -487.166046 -98.705254 -4009.966797 -0.888478 0.420395 0.184052 0.968750 -1.968750 1 17 1.000000
"ffdtex1.png"
  0 -241.549301 -89.239952 -3753.432617 0.024310 0.199581 0.979580 0.960938 -1.992188 1 17 1.000000
  0 -252.206619 85.250206 -4201.540527 -0.012967 0.808991 -0.587678 0.976563 -1.976563 1 17 1.000000
  0 -487.166046 -98.705254 -4009.966797 -0.888478 0.420395 0.184052 0.968750 -1.968750 1 17 1.000000
"ffdtex1.png"
  0 -487.166046 -98.705254 -4009.966797 -0.888478 0.420395 0.184052 0.968750 -1.968750 1 17 1.000000
  0 -252.206619 85.250206 -4201.540527 -0.012967 0.808991 -0.587678 0.976563 -1.976563 1 17 1.000000
  0 -500.438385 -1561.772217 -4579.359375 -0.999703 0.003741 0.024091 0.968750 -1.859375 1 16 1.000000
"ffdtex1.png"
  0 -318.422211 -4574.345703 -6079.857422 -0.025811 0.061534 -0.997771 0.984375 -1.625000 1 14 1.000000
  0 -612.654053 -4682.335449 -5791.816406 -0.998115 0.050301 0.035149 0.960938 -1.625000 1 14 1.000000
  0 -295.533630 -3034.137695 -5419.471680 -0.022784 0.385992 -0.922221 0.984375 -1.742188 1 15 1.000000
"ffdtex1.png"
  0 -723.850464 -6135.229980 -5568.989258 -0.996859 0.064001 0.046651 0.960938 -1.523438 1 13 1.000000
  0 -612.654053 -4682.335449 -5791.816406 -0.998115 0.050301 0.035149 0.960938 -1.625000 1 14 1.000000
  0 -318.422211 -4574.345703 -6079.857422 -0.025811 0.061534 -0.997771 0.984375 -1.625000 1 14 1.000000
"ffdtex1.png"
  0 -273.655029 -1478.537476 -4801.371094 -0.023173 0.365732 -0.930432 0.984375 -1.859375 1 16 1.000000
  0 -295.533630 -3034.137695 -5419.471680 -0.022784 0.385992 -0.922221 0.984375 -1.742188 1 15 1.000000
  0 -534.047180 -3121.677734 -5185.976563 -0.999356 0.019387 0.030200 0.968750 -1.742188 1 15 1.000000
"ffdtex1.png"
  0 -500.438385 -1561.772217 -4579.359375 -0.999703 0.003741 0.024091 0.968750 -1.859375 1 16 1.000000
  0 -273.655029 -1478.537476 -4801.371094 -0.023173 0.365732 -0.930432 0.984375 -1.859375 1 16 1.000000
  0 -534.047180 -3121.677734 -5185.976563 -0.999356 0.019387 0.030200 0.968750 -1.742188 1 15 1.000000
"ffdtex1.png"
  0 -320.872833 -6533.175293 -5867.642090 -0.026204 -0.107638 -0.993845 0.992188 -1.515625 1 13 1.000000
  0 -723.850464 -6135.229980 -5568.989258 -0.996859 0.064001 0.046651 0.960938 -1.523438 1 13 1.000000
  0 -318.422211 -4574.345703 -6079.857422 -0.025811 0.061534 -0.997771 0.984375 -1.625000 1 14 1.000000
"ffdtex1.png"
  0 -273.655029 -1478.537476 -4801.371094 -0.023173 0.365732 -0.930432 0.984375 -1.859375 1 16 1.000000
  0 -500.438385 -1561.772217 -4579.359375 -0.999703 0.003741 0.024091 0.968750 -1.859375 1 16 1.000000
  0 -252.206619 85.250206 -4201.540527 -0.012967 0.808991 -0.587678 0.976563 -1.976563 1 17 1.000000
"ffdtex1.png"
  0 -534.047180 -3121.677734 -5185.976563 -0.999356 0.019387 0.030200 0.968750 -1.742188 1 15 1.000000
  0 -612.654053 -4682.335449 -5791.816406 -0.998115 0.050301 0.035149 0.960938 -1.625000 1 14 1.000000
  0 -284.699066 -3211.530029 -4963.911133 0.021516 -0.339266 0.940444 0.953125 -1.742188 1 15 1.000000
"ffdtex1.png"
  0 -305.061798 -4793.093262 -5518.092285 0.024693 0.027296 0.999322 0.945313 -1.625000 1 14 1.000000
  0 -284.699066 -3211.530029 -4963.911133 0.021516 -0.339266 0.940444 0.953125 -1.742188 1 15 1.000000
  0 -612.654053 -4682.335449 -5791.816406 -0.998115 0.050301 0.035149 0.960938 -1.625000 1 14 1.000000
"ffdtex1.png"
  0 -263.352203 -1647.223389 -4368.169434 0.021140 -0.359784 0.932796 0.953125 -1.859375 1 16 1.000000
  0 -534.047180 -3121.677734 -5185.976563 -0.999356 0.019387 0.030200 0.968750 -1.742188 1 15 1.000000
  0 -284.699066 -3211.530029 -4963.911133 0.021516 -0.339266 0.940444 0.953125 -1.742188 1 15 1.000000
"ffdtex1.png"
  0 -304.992157 -5568.835449 -5393.000488 0.025085 0.159150 0.986936 0.937500 -1.554688 1 13 1.000000
  0 -305.061798 -4793.093262 -5518.092285 0.024693 0.027296 0.999322 0.945313 -1.625000 1 14 1.000000
  0 -723.850464 -6135.229980 -5568.989258 -0.996859 0.064001 0.046651 0.960938 -1.523438 1 13 1.000000
"ffdtex1.png"
  0 -612.654053 -4682.335449 -5791.816406 -0.998115 0.050301 0.035149 0.960938 -1.625000 1 14 1.000000
  0 -723.850464 -6135.229980 -5568.989258 -0.996859 0.064001 0.046651 0.960938 -1.523438 1 13 1.000000
  0 -305.061798 -4793.093262 -5518.092285 0.024693 0.027296 0.999322 0.945313 -1.625000 1 14 1.000000
"ffdtex1.png"
  0 -500.438385 -1561.772217 -4579.359375 -0.999703 0.003741 0.024091 0.968750 -1.859375 1 16 1.000000
  0 -534.047180 -3121.677734 -5185.976563 -0.999356 0.019387 0.030200 0.968750 -1.742188 1 15 1.000000
  0 -263.352203 -1647.223389 -4368.169434 0.021140 -0.359784 0.932796 0.953125 -1.859375 1 16 1.000000
"ffdtex1.png"
  0 -263.352203 -1647.223389 -4368.169434 0.021140 -0.359784 0.932796 0.953125 -1.859375 1 16 1.000000
  0 -241.549301 -89.239952 -3753.432617 0.024310 0.199581 0.979580 0.953125 -1.976563 1 17 1.000000
  0 -500.438385 -1561.772217 -4579.359375 -0.999703 0.003741 0.024091 0.968750 -1.859375 1 16 1.000000
"ffdtex1.png"
  0 -295.533630 -3034.137695 -5419.471680 -0.022784 0.385992 -0.922221 0.984375 -1.742188 1 15 1.000000
  0 -273.655029 -1478.537476 -4801.371094 -0.023173 0.365732 -0.930432 0.984375 -1.859375 1 16 1.000000
  0 -45.208027 -3123.631348 -5198.363281 0.999726 0.011408 -0.020451 0.968750 -1.742188 1 15 1.000000
"ffdtex1.png"
  0 -9.852430 -4684.744629 -5807.090820 0.998983 0.042353 -0.015463 0.960938 -1.625000 1 14 1.000000
  0 -318.422211 -4574.345703 -6079.857422 -0.025811 0.061534 -0.997771 0.984375 -1.625000 1 14 1.000000
  0 -295.533630 -3034.137695 -5419.471680 -0.022784 0.385992 -0.922221 0.984375 -1.742188 1 15 1.000000
"ffdtex1.png"
  0 -320.872833 -6533.175293 -5867.642090 -0.026204 -0.107638 -0.993845 0.992188 -1.515625 1 13 1.000000
  0 -318.422211 -4574.345703 -6079.857422 -0.025811 0.061534 -0.997771 0.984375 -1.625000 1 14 1.000000
  0 100.878136 -6138.525879 -5589.887207 0.998420 0.056057 -0.003962 0.960938 -1.523438 1 13 1.000000
"ffdtex1.png"
  0 -9.852430 -4684.744629 -5807.090820 0.998983 0.042353 -0.015463 0.960938 -1.625000 1 14 1.000000
  0 -295.533630 -3034.137695 -5419.471680 -0.022784 0.385992 -0.922221 0.984375 -1.742188 1 15 1.000000
  0 -45.208027 -3123.631348 -5198.363281 0.999726 0.011408 -0.020451 0.968750 -1.742188 1 15 1.000000
"ffdtex1.png"
  0 -45.208027 -3123.631348 -5198.363281 0.999726 0.011408 -0.020451 0.968750 -1.742188 1 15 1.000000
  0 -273.655029 -1478.537476 -4801.371094 -0.023173 0.365732 -0.930432 0.984375 -1.859375 1 16 1.000000
  0 -35.591335 -1563.629883 -4591.138184 0.999638 -0.004256 -0.026573 0.968750 -1.859375 1 16 1.000000
"ffdtex1.png"
  0 -241.549301 -89.239952 -3753.432617 0.024310 0.199581 0.979580 0.953125 -1.976563 1 17 1.000000
  0 -263.352203 -1647.223389 -4368.169434 0.021140 -0.359784 0.932796 0.953125 -1.859375 1 16 1.000000
  0 -35.591335 -1563.629883 -4591.138184 0.999638 -0.004256 -0.026573 0.968750 -1.859375 1 16 1.000000
"ffdtex1.png"
  0 -8.323623 -100.618820 -4022.100098 0.899450 0.414279 0.139149 0.968750 -1.968750 1 17 1.000000
  0 -252.206619 85.250206 -4201.540527 -0.012967 0.808991 -0.587678 0.976563 -1.976563 1 17 1.000000
  0 -241.549301 -89.239952 -3753.432617 0.024310 0.199581 0.979580 0.960938 -1.992188 1 17 1.000000
"ffdtex0.png"
  1 -5006.269043 -19307.033203 342.550690 0.000000 0.000000 0.000000 0.007813 -0.000000 1 11 1.000000
  1 -756.384583 -9374.958008 -1604.919800 0.000000 0.000000 -1.000000 0.109375 -0.484375 1 3 1.000000
  1 -8654.137695 -17097.558594 -1850.650635 0.000000 0.000000 -1.000000 0.234375 -0.007813 1 11 1.000000
"ffdtex0.png"
  1 -812.738403 -9393.422852 -2224.743408 0.000000 0.000000 -1.000000 0.132813 -0.476563 1 3 1.000000
  1 -756.384583 -9374.958008 -1604.919800 0.000000 0.000000 -1.000000 0.109375 -0.484375 1 3 1.000000
  1 -8654.137695 -17097.558594 -1850.650635 0.000000 0.000000 -1.000000 0.234375 -0.007813 1 11 1.000000
"ffdtex0.png"
  1 -812.738403 -9393.422852 -2224.743408 0.000000 0.000000 -1.000000 0.132813 -0.476563 1 3 1.000000
  1 -8654.137695 -17097.558594 -1850.650635 0.000000 0.000000 -1.000000 0.234375 -0.007813 1 11 1.000000
  1 -756.384583 -9374.958008 -1604.919800 0.000000 0.000000 -1.000000 0.109375 -0.484375 1 3 1.000000
"ffdtex0.png"
  1 314.037781 -9395.149414 -2247.134033 -0.259520 0.129760 0.956980 0.132813 -0.476563 1 3 1.000000
  1 282.409058 -9376.549805 -1625.562134 -0.350524 0.058421 0.934730 0.109375 -0.484375 1 3 1.000000
  1 4827.921387 -19033.326172 862.599060 -0.350524 0.058421 0.934730 0.234375 -0.007813 1 9 1.000000
"ffdtex0.png"
  1 314.037781 -9395.149414 -2247.134033 -0.259520 0.129760 0.956980 0.132813 -0.476563 1 3 1.000000
  1 4827.921387 -19033.326172 862.599060 -0.350524 0.058421 0.934730 0.234375 -0.007813 1 9 1.000000
  1 282.409058 -9376.549805 -1625.562134 -0.350524 0.058421 0.934730 0.109375 -0.484375 1 3 1.000000
"ffdtex0.png"
  1 7874.354980 -17367.318359 -2445.350830 -0.666667 -0.333333 0.666667 0.007813 -0.000000 1 9 1.000000
  1 4827.921387 -19033.326172 862.599060 -0.350524 0.058421 0.934730 0.234375 -0.007813 1 9 1.000000
  1 282.409058 -9376.549805 -1625.562134 -0.350524 0.058421 0.934730 0.109375 -0.484375 1 3 1.000000
"ffdtex0.png"
  1 7874.354980 -17367.318359 -2445.350830 -0.666667 -0.333333 0.666667 0.007813 -0.000000 1 9 1.000000
  1 282.409058 -9376.549805 -1625.562134 -0.350524 0.058421 0.934730 0.109375 -0.484375 1 3 1.000000
  1 4827.921387 -19033.326172 862.599060 -0.350524 0.058421 0.934730 0.234375 -0.007813 1 9 1.000000
"ffdtex0.png"
  1 -5006.269043 -19307.033203 342.550690 0.000000 0.000000 0.000000 0.007813 -0.000000 1 11 1.000000
  1 -8654.137695 -17097.558594 -1850.650635 0.000000 0.000000 -1.000000 0.234375 -0.007813 1 11 1.000000
  1 -756.384583 -9374.958008 -1604.919800 0.000000 0.000000 -1.000000 0.109375 -0.484375 1 3 1.000000
end
