version 1
nodes
  0 "NotABone0"  -1
  1 "NotABone1"  -1
  2 "bone0"  -1
  3 "bone1"  2
  4 "bone2"  2
  5 "bone3"  3
  6 "bone4"  3
  7 "bone5"  3
  8 "bone6"  3
  9 "bone7"  3
  10 "bone8"  3
  11 "bone9"  3
  12 "bone10"  4
  13 "bone11"  4
  14 "bone12"  4
  15 "bone13"  5
  16 "bone14"  6
  17 "bone15"  7
  18 "bone16"  8
  19 "bone17"  9
  20 "bone18"  10
  21 "bone19"  11
  22 "bone20"  12
  23 "bone21"  13
  24 "bone22"  14
  25 "bone23"  15
  26 "bone24"  17
  27 "bone25"  18
  28 "bone26"  19
  29 "bone27"  20
  30 "bone28"  22
  31 "bone29"  24
  32 "bone30"  25
  33 "bone31"  29
  34 "bone32"  30
  35 "bone33"  31
end
skeleton
time 0
  0 0.000000 0.000000 0.000000 0.000000 0.000000 0.000000
  1 0.000000 0.000000 0.000000 0.000000 0.000000 0.000000
  2 0.000000 -10485.000000 0.000000 0.000000 -0.000000 0.000000
  3 0.000000 0.000000 0.000000 0.000000 1.230253 1.570796
  4 0.000000 0.000000 0.000000 -0.000000 -1.395923 1.570796
  5 0.000158 -0.000000 -3673.999756 -2.827271 1.179230 -1.401777
  6 0.000158 -0.000000 -3673.999756 2.431558 1.453007 -2.209147
  7 0.000158 -0.000000 -3673.999756 -0.000000 -0.409573 -0.000000
  8 0.000158 -0.000000 -3673.999756 1.396177 0.046641 2.319249
  9 0.000158 -0.000000 -3673.999756 1.108869 -0.046556 0.823469
  10 0.000158 -0.000000 -3673.999756 -2.827271 -1.179229 -1.739816
  11 0.000158 -0.000000 -3673.999756 -1.773282 -1.486427 3.141593
  12 -0.000020 -0.000000 -2175.000000 -1.570796 -0.000000 -0.000000
  13 -0.000020 -0.000000 -2175.000000 -2.983812 -0.979082 1.572875
  14 -0.000020 -0.000000 -2175.000000 -1.570796 -0.000000 3.141593
  15 -0.000046 0.000084 -2264.000000 0.472784 0.049167 1.204115
  16 -0.000082 0.000008 -3948.000244 -0.000000 -0.737845 -0.000000
  17 -0.000188 -0.000000 -738.000122 0.000000 0.269981 -0.000000
  18 0.000108 0.000135 -4082.000488 0.111891 -0.653790 -2.067573
  19 0.000063 0.000150 -4082.001465 -0.059203 0.369453 -1.187697
  20 0.000506 -0.000170 -2264.000244 0.482950 -0.085545 -1.192782
  21 -0.000398 0.000076 -3948.000244 -0.000000 0.608990 0.000000
  22 0.000097 0.000089 -811.000000 0.984818 -0.182053 0.198608
  23 0.000051 -0.000149 -2209.000000 1.440649 0.373672 0.065569
  24 -0.000019 0.000120 -811.000000 -1.066913 -0.089378 2.398166
  25 0.000470 -0.000210 -2855.000000 0.000000 0.951068 0.000000
  26 0.000458 -0.000000 -710.999573 0.000000 -1.466486 0.000000
  27 -0.000273 0.000025 -4245.001465 -0.042879 -0.182223 0.232481
  28 0.001277 -0.000803 -4245.000000 0.102695 0.856799 -0.106074
  29 -0.000539 0.000002 -2855.000244 0.000000 -0.924990 -0.000000
  30 -0.000156 0.000082 -5070.000488 0.000000 -1.101398 0.000000
  31 0.000109 -0.000060 -5070.000000 -0.000000 -1.234855 -0.000000
  32 0.000012 -0.000388 -2654.000000 -0.245206 -0.265542 1.478248
  33 0.000231 -0.000220 -2653.999512 0.243720 0.494447 -0.857819
  34 -0.000108 -0.000086 -5050.000000 0.728225 0.399576 0.474820
  35 0.000323 0.000002 -5050.000488 -0.259878 0.261342 -0.098878
end
triangles
"ffdtex0.png"
  0 -1534.000000 -10887.908203 1070.425049 -0.894427 -0.447214 0.000000 0.789063 -0.015625 1 4 1.000000
  0 0.000028 -11342.107422 385.886810 0.000000 -1.000000 0.000000 0.968750 -0.000000 1 3 1.000000
  0 -0.000044 -9467.256836 851.922241 -0.894427 -0.447214 0.000000 0.968750 -0.187500 1 4 1.000000
"ffdtex0.png"
  0 -1565.000000 -12227.136719 389.494537 -1.000000 0.000000 0.000000 0.062500 -0.234375 1 3 1.000000
  0 0.000025 -13526.114258 -468.643982 0.000011 0.985503 -0.169658 0.234375 -0.078125 1 3 1.000000
  0 0.000028 -11342.107422 385.886810 0.000000 -1.000000 0.000000 0.007813 -0.054688 1 3 1.000000
"ffdtex0.png"
  0 702.000000 -15155.443359 -1909.856689 0.645000 0.646223 0.407886 0.171875 -0.562500 1 17 1.000000
  0 -703.000000 -15155.443359 -1909.856689 -0.558388 0.705730 0.436060 0.187500 -0.695313 1 17 1.000000
  0 0.000012 -15275.710938 -1397.474365 0.000159 0.672972 0.739668 0.273438 -0.593750 1 17 1.000000
"ffdtex0.png"
  0 0.000012 -15275.710938 -1397.474365 0.000159 0.672972 0.739668 0.273438 -0.593750 1 17 1.000000
  0 -507.999969 -15783.594727 -1275.245117 -0.540536 0.091665 0.836312 0.312500 -0.648438 1 17 1.000000
  0 507.000031 -15783.594727 -1275.245239 0.451921 0.010175 0.892000 0.359375 -0.578125 1 17 1.000000
"ffdtex0.png"
  0 325.000000 -16768.994141 -2275.498047 0.347216 -0.914539 -0.207506 0.468750 -0.835938 1 17 1.000000
  0 -326.000000 -16768.994141 -2275.498047 -0.278665 -0.956462 -0.086758 0.421875 -0.820313 1 17 1.000000
  0 -0.000051 -16149.579102 -3248.393066 0.000239 -0.638063 -0.769984 0.320313 -0.976563 1 17 1.000000
"ffdtex0.png"
  0 -0.000062 -14143.602539 -2811.425781 0.081591 0.992304 -0.093140 0.007813 -0.757813 1 17 1.000000
  0 -417.000031 -14453.359375 -2389.833984 -0.660352 0.512225 0.549145 0.085938 -0.765625 1 17 1.000000
  0 415.999969 -14453.359375 -2389.833984 0.301601 0.287873 0.908937 0.039063 -0.664063 1 17 1.000000
"ffdtex0.png"
  0 -261.000000 -14303.884766 -1291.683350 -0.950895 0.175533 -0.254925 0.679688 -0.734375 1 3 1.000000
  0 -0.000008 -14136.852539 -1478.630371 0.000959 0.605934 -0.795514 0.718750 -0.734375 1 3 1.000000
  0 -0.000022 -15018.888672 -2150.467529 0.001001 0.587049 -0.809551 0.695313 -0.609375 1 26 1.000000
"ffdtex0.png"
  0 -1594.000000 -12122.833008 -1222.223999 -1.000000 0.000000 0.000000 0.117188 -0.375000 1 3 1.000000
  0 -1392.000000 -13441.800781 -1488.022705 0.234423 0.968791 0.080560 0.242188 -0.351563 1 3 1.000000
  0 -0.000053 -11139.250977 -1521.918579 0.000000 0.351123 -0.936329 0.078125 -0.562500 1 3 1.000000
"ffdtex0.png"
  0 -0.000031 -13439.902344 -1807.749878 -0.000047 0.943389 -0.331689 0.296875 -0.492188 1 3 1.000000
  0 -0.000053 -11139.250977 -1521.918579 0.000000 0.351123 -0.936329 0.078125 -0.562500 1 3 1.000000
  0 -1392.000000 -13441.800781 -1488.022705 0.234423 0.968791 0.080560 0.242188 -0.351563 1 3 1.000000
"ffdtex0.png"
  0 -0.000053 -11139.250977 -1521.918579 0.000000 0.351123 -0.936329 0.078125 -0.562500 1 3 1.000000
  0 -1329.000000 -11100.231445 -787.723450 -1.000000 0.000000 0.000000 0.007813 -0.390625 1 3 1.000000
  0 -1594.000000 -12122.833008 -1222.223999 -1.000000 0.000000 0.000000 0.117188 -0.375000 1 3 1.000000
"ffdtex0.png"
  0 -0.000031 -13439.902344 -1807.749878 -0.000047 0.943389 -0.331689 0.296875 -0.492188 1 3 1.000000
  0 -1392.000000 -13441.800781 -1488.022705 0.234423 0.968791 0.080560 0.242188 -0.351563 1 3 1.000000
  0 -0.000053 -11139.250977 -1521.918579 0.000000 0.351123 -0.936329 0.078125 -0.562500 1 3 1.000000
"ffdtex0.png"
  0 -1594.000000 -12122.833008 -1222.223999 -1.000000 0.000000 0.000000 0.117188 -0.375000 1 3 1.000000
  0 -0.000053 -11139.250977 -1521.918579 0.000000 0.351123 -0.936329 0.078125 -0.562500 1 3 1.000000
  0 -1392.000000 -13441.800781 -1488.022705 0.234423 0.968791 0.080560 0.242188 -0.351563 1 3 1.000000
"ffdtex0.png"
  0 0.000025 -13526.114258 -468.643982 0.000011 0.985503 -0.169658 0.812500 -0.304688 1 3 1.000000
  0 -0.000031 -13439.902344 -1807.749878 -0.000047 0.943389 -0.331689 0.843750 -0.234375 1 3 1.000000
  0 -1392.000000 -13441.800781 -1488.022705 0.234423 0.968791 0.080560 0.773438 -0.234375 1 3 1.000000
"ffdtex0.png"
  0 -1392.000000 -13441.800781 -1488.022705 0.234423 0.968791 0.080560 0.773438 -0.234375 1 3 1.000000
  0 -1554.000000 -13341.663086 -168.819321 0.627827 0.763618 -0.150733 0.734375 -0.289063 1 3 1.000000
  0 0.000025 -13526.114258 -468.643982 0.000011 0.985503 -0.169658 0.812500 -0.304688 1 3 1.000000
"ffdtex0.png"
  0 -1594.000000 -12122.833008 -1222.223999 -1.000000 0.000000 0.000000 0.117188 -0.375000 1 3 1.000000
  0 -1554.000000 -13341.663086 -168.819321 0.627827 0.763618 -0.150733 0.187500 -0.234375 1 3 1.000000
  0 -1392.000000 -13441.800781 -1488.022705 0.234423 0.968791 0.080560 0.242188 -0.351563 1 3 1.000000
"ffdtex0.png"
  0 -1554.000000 -13341.663086 -168.819321 0.627827 0.763618 -0.150733 0.187500 -0.234375 1 3 1.000000
  0 -1594.000000 -12122.833008 -1222.223999 -1.000000 0.000000 0.000000 0.117188 -0.375000 1 3 1.000000
  0 -1565.000000 -12227.136719 389.494537 -1.000000 0.000000 0.000000 0.062500 -0.234375 1 3 1.000000
"ffdtex0.png"
  0 -1329.000000 -11100.231445 -787.723450 -1.000000 0.000000 0.000000 0.007813 -0.390625 1 3 1.000000
  0 -1565.000000 -12227.136719 389.494537 -1.000000 0.000000 0.000000 0.062500 -0.234375 1 3 1.000000
  0 -1594.000000 -12122.833008 -1222.223999 -1.000000 0.000000 0.000000 0.117188 -0.375000 1 3 1.000000
"ffdtex0.png"
  0 -1594.000000 -12122.833008 -1222.223999 -1.000000 0.000000 0.000000 0.117188 -0.375000 1 3 1.000000
  0 -1565.000000 -12227.136719 389.494537 -1.000000 0.000000 0.000000 0.062500 -0.234375 1 3 1.000000
  0 -1329.000000 -11100.231445 -787.723450 -1.000000 0.000000 0.000000 0.007813 -0.390625 1 3 1.000000
"ffdtex0.png"
  0 -1554.000000 -13341.663086 -168.819321 0.627827 0.763618 -0.150733 0.187500 -0.234375 1 3 1.000000
  0 -1565.000000 -12227.136719 389.494537 -1.000000 0.000000 0.000000 0.062500 -0.234375 1 3 1.000000
  0 -1594.000000 -12122.833008 -1222.223999 -1.000000 0.000000 0.000000 0.117188 -0.375000 1 3 1.000000
"ffdtex0.png"
  0 -1554.000000 -13341.663086 -168.819321 0.627827 0.763618 -0.150733 0.187500 -0.234375 1 3 1.000000
  0 -1594.000000 -12122.833008 -1222.223999 -1.000000 0.000000 0.000000 0.117188 -0.375000 1 3 1.000000
  0 -1392.000000 -13441.800781 -1488.022705 0.234423 0.968791 0.080560 0.242188 -0.351563 1 3 1.000000
"ffdtex0.png"
  0 -2272.384766 -13321.752930 -1398.067383 -0.186625 0.038116 -0.981692 0.734375 -0.226563 1 20 1.000000
  0 -1639.748291 -13157.495117 -559.564392 0.282356 0.957677 -0.055950 0.734375 -0.250000 1 20 1.000000
  0 -1392.000000 -13441.800781 -1488.022705 0.234423 0.968791 0.080560 0.773438 -0.234375 1 3 1.000000
"ffdtex0.png"
  0 -2272.384766 -13321.752930 -1398.067383 -0.186625 0.038116 -0.981692 0.734375 -0.226563 1 20 1.000000
  0 -1392.000000 -13441.800781 -1488.022705 0.234423 0.968791 0.080560 0.773438 -0.234375 1 3 1.000000
  0 -1009.000061 -13330.398438 -1946.121582 -0.068739 0.886178 -0.458217 0.789063 -0.203125 1 3 1.000000
"ffdtex0.png"
  0 -0.000031 -13439.902344 -1807.749878 -0.000047 0.943389 -0.331689 0.843750 -0.234375 1 3 1.000000
  0 -1009.000061 -13330.398438 -1946.121582 -0.068739 0.886178 -0.458217 0.789063 -0.203125 1 3 1.000000
  0 -1392.000000 -13441.800781 -1488.022705 0.234423 0.968791 0.080560 0.773438 -0.234375 1 3 1.000000
"ffdtex0.png"
  0 -0.000031 -13439.902344 -1807.749878 -0.000047 0.943389 -0.331689 0.843750 -0.234375 1 3 1.000000
  0 -0.000021 -13913.939453 -1727.467529 0.019661 -0.609318 -0.792682 0.859375 -0.203125 1 3 1.000000
  0 -1009.000061 -13330.398438 -1946.121582 -0.068739 0.886178 -0.458217 0.789063 -0.203125 1 3 1.000000
"ffdtex0.png"
  0 4701.665527 -2366.346436 511.217957 0.921072 -0.136552 -0.364665 0.656250 -0.343750 1 30 1.000000
  0 3866.102295 -3115.572021 1472.964355 -0.192232 -0.969672 0.150938 0.656250 -0.265625 1 30 1.000000
  0 3536.134033 -1700.653076 12.008730 -0.457798 0.052030 -0.887532 0.726563 -0.343750 1 30 1.000000
"ffdtex0.png"
  0 -1554.000000 -13341.663086 -168.819321 0.627827 0.763618 -0.150733 0.187500 -0.234375 1 3 1.000000
  0 -1565.000000 -12227.136719 389.494537 -1.000000 0.000000 0.000000 0.062500 -0.234375 1 3 1.000000
  0 0.000025 -13526.114258 -468.643982 0.000011 0.985503 -0.169658 0.234375 -0.078125 1 3 1.000000
"ffdtex0.png"
  0 3536.134033 -1700.653076 12.008730 -0.457798 0.052030 -0.887532 0.726563 -0.343750 1 30 1.000000
  0 3866.102295 -3115.572021 1472.964355 -0.192232 -0.969672 0.150938 0.656250 -0.265625 1 30 1.000000
  0 2707.126221 -2453.557373 976.492859 -0.900982 -0.402507 -0.161922 0.726563 -0.265625 1 30 1.000000
"ffdtex0.png"
  0 0.000025 -13526.114258 -468.643982 0.000011 0.985503 -0.169658 0.234375 -0.078125 1 3 1.000000
  0 -1565.000000 -12227.136719 389.494537 -1.000000 0.000000 0.000000 0.062500 -0.234375 1 3 1.000000
  0 -1554.000000 -13341.663086 -168.819321 0.627827 0.763618 -0.150733 0.187500 -0.234375 1 3 1.000000
"ffdtex0.png"
  0 -1167.999878 -13029.314453 1252.104248 -0.075998 0.953316 0.292256 0.796875 -0.921875 1 3 1.000000
  0 0.000025 -13526.114258 -468.643982 0.000011 0.985503 -0.169658 0.851563 -0.984375 1 3 1.000000
  0 -1554.000000 -13341.663086 -168.819321 0.627827 0.763618 -0.150733 0.859375 -0.921875 1 3 1.000000
"ffdtex0.png"
  0 -1639.748291 -13157.495117 -559.564392 0.282356 0.957677 -0.055950 0.859375 -0.898438 1 20 1.000000
  0 -1167.999878 -13029.314453 1252.104248 -0.075998 0.953316 0.292256 0.796875 -0.921875 1 3 1.000000
  0 -1554.000000 -13341.663086 -168.819321 0.627827 0.763618 -0.150733 0.859375 -0.921875 1 3 1.000000
"ffdtex0.png"
  0 -1554.000000 -13341.663086 -168.819321 0.627827 0.763618 -0.150733 0.734375 -0.289063 1 3 1.000000
  0 -1392.000000 -13441.800781 -1488.022705 0.234423 0.968791 0.080560 0.773438 -0.234375 1 3 1.000000
  0 -1639.748291 -13157.495117 -559.564392 0.282356 0.957677 -0.055950 0.734375 -0.250000 1 20 1.000000
"ffdtex0.png"
  0 -518.000000 -14351.711914 -1237.548950 -0.206619 -0.694184 -0.689505 0.960938 -0.906250 1 3 1.000000
  0 -1313.000000 -14515.706055 -774.745483 -0.400482 -0.903253 -0.154107 0.945313 -0.875000 1 3 1.000000
  0 -2272.384766 -13321.752930 -1398.067383 -0.186625 0.038116 -0.981692 0.906250 -0.890625 1 20 1.000000
"ffdtex0.png"
  0 -2272.384766 -13321.752930 -1398.067383 -0.186625 0.038116 -0.981692 0.804688 -0.093750 1 20 1.000000
  0 -2342.546631 -12981.184570 -1697.356934 -0.248739 -0.747711 -0.615676 0.750000 -0.148438 1 11 1.000000
  0 -518.000000 -14351.711914 -1237.548950 -0.206619 -0.694184 -0.689505 0.835938 -0.148438 1 3 1.000000
"ffdtex0.png"
  0 -2272.384766 -13321.752930 -1398.067383 -0.186625 0.038116 -0.981692 0.804688 -0.093750 1 20 1.000000
  0 -4515.436035 -13471.237305 -4444.670410 0.715095 -0.407222 -0.568163 0.601563 -0.023438 1 21 1.000000
  0 -2342.546631 -12981.184570 -1697.356934 -0.248739 -0.747711 -0.615676 0.742188 -0.148438 1 11 1.000000
"ffdtex0.png"
  0 -2272.384766 -13321.752930 -1398.067383 -0.186625 0.038116 -0.981692 0.804688 -0.093750 1 20 1.000000
  0 -3670.228027 -14291.534180 -1326.637329 -0.437524 0.847742 0.299845 0.742188 -0.023438 1 11 1.000000
  0 -4515.436035 -13471.237305 -4444.670410 0.715095 -0.407222 -0.568163 0.601563 -0.023438 1 21 1.000000
"ffdtex0.png"
  0 -2272.384766 -13321.752930 -1398.067383 -0.186625 0.038116 -0.981692 0.734375 -0.226563 1 20 1.000000
  0 -1009.000061 -13330.398438 -1946.121582 -0.068739 0.886178 -0.458217 0.789063 -0.203125 1 3 1.000000
  0 -3670.228027 -14291.534180 -1326.637329 -0.437524 0.847742 0.299845 0.648438 -0.187500 1 11 1.000000
"ffdtex0.png"
  0 -2272.384766 -13321.752930 -1398.067383 -0.186625 0.038116 -0.981692 0.906250 -0.890625 1 20 1.000000
  0 -2367.462402 -13625.427734 -272.914917 -0.974790 -0.221796 -0.024319 0.867188 -0.859375 1 20 1.000000
  0 -1639.748291 -13157.495117 -559.564392 0.282356 0.957677 -0.055950 0.859375 -0.898438 1 20 1.000000
"ffdtex0.png"
  0 -1313.000000 -14515.706055 -774.745483 -0.400482 -0.903253 -0.154107 0.945313 -0.875000 1 3 1.000000
  0 -2367.462402 -13625.427734 -272.914917 -0.974790 -0.221796 -0.024319 0.867188 -0.859375 1 20 1.000000
  0 -2272.384766 -13321.752930 -1398.067383 -0.186625 0.038116 -0.981692 0.906250 -0.890625 1 20 1.000000
"ffdtex0.png"
  0 -3670.228027 -14291.534180 -1326.637329 -0.437524 0.847742 0.299845 0.648438 -0.187500 1 11 1.000000
  0 -1009.000061 -13330.398438 -1946.121582 -0.068739 0.886178 -0.458217 0.789063 -0.203125 1 3 1.000000
  0 -2342.546631 -12981.184570 -1697.356934 -0.248739 -0.747711 -0.615676 0.750000 -0.148438 1 11 1.000000
"ffdtex0.png"
  0 -0.000021 -13913.939453 -1727.467529 0.019661 -0.609318 -0.792682 0.859375 -0.203125 1 3 1.000000
  0 -2342.546631 -12981.184570 -1697.356934 -0.248739 -0.747711 -0.615676 0.750000 -0.148438 1 11 1.000000
  0 -1009.000061 -13330.398438 -1946.121582 -0.068739 0.886178 -0.458217 0.789063 -0.203125 1 3 1.000000
"ffdtex0.png"
  0 -518.000000 -14351.711914 -1237.548950 -0.206619 -0.694184 -0.689505 0.835938 -0.148438 1 3 1.000000
  0 -2342.546631 -12981.184570 -1697.356934 -0.248739 -0.747711 -0.615676 0.750000 -0.148438 1 11 1.000000
  0 -0.000021 -13913.939453 -1727.467529 0.019661 -0.609318 -0.792682 0.859375 -0.203125 1 3 1.000000
"ffdtex0.png"
  0 0.000030 -14757.488281 -784.034180 0.000042 -0.941630 -0.336649 0.890625 -0.148438 1 3 1.000000
  0 -518.000000 -14351.711914 -1237.548950 -0.206619 -0.694184 -0.689505 0.835938 -0.148438 1 3 1.000000
  0 -0.000021 -13913.939453 -1727.467529 0.019661 -0.609318 -0.792682 0.859375 -0.203125 1 3 1.000000
"ffdtex0.png"
  0 -1565.000000 -12227.136719 389.494537 -1.000000 0.000000 0.000000 0.062500 -0.234375 1 3 1.000000
  0 0.000028 -11342.107422 385.886810 0.000000 -1.000000 0.000000 0.007813 -0.054688 1 3 1.000000
  0 0.000025 -13526.114258 -468.643982 0.000011 0.985503 -0.169658 0.234375 -0.078125 1 3 1.000000
"ffdtex0.png"
  0 3879.324951 -330.437775 1592.541504 -0.301718 0.091962 -0.948952 0.718750 -0.453125 1 30 1.000000
  0 3536.134033 -1700.653076 12.008730 -0.457798 0.052030 -0.887532 0.726563 -0.343750 1 30 1.000000
  0 3238.363037 -854.922058 2507.217041 -0.971280 -0.178976 0.156788 0.773438 -0.468750 1 30 1.000000
"ffdtex0.png"
  0 3238.363037 -854.922058 2507.217041 -0.971280 -0.178976 0.156788 0.773438 -0.468750 1 30 1.000000
  0 3536.134033 -1700.653076 12.008730 -0.457798 0.052030 -0.887532 0.726563 -0.343750 1 30 1.000000
  0 2707.126221 -2453.557373 976.492859 -0.900982 -0.402507 -0.161922 0.804688 -0.351563 1 30 1.000000
"ffdtex0.png"
  0 -1167.999878 -13029.314453 1252.104248 -0.075998 0.953316 0.292256 0.796875 -0.921875 1 3 1.000000
  0 0.000072 -12848.429688 900.317505 0.000014 0.935543 0.353213 0.796875 -0.976563 1 3 1.000000
  0 0.000025 -13526.114258 -468.643982 0.000011 0.985503 -0.169658 0.851563 -0.992188 1 3 1.000000
"ffdtex0.png"
  0 0.000181 -16237.349609 2344.345459 -0.007002 -0.079517 0.996809 0.648438 -0.960938 1 3 1.000000
  0 0.000072 -12848.429688 900.317505 0.000014 0.935543 0.353213 0.796875 -0.976563 1 3 1.000000
  0 -1167.999878 -13029.314453 1252.104248 -0.075998 0.953316 0.292256 0.796875 -0.921875 1 3 1.000000
"ffdtex0.png"
  0 0.000181 -16237.349609 2344.345459 -0.007002 -0.079517 0.996809 0.648438 -0.960938 1 3 1.000000
  0 -1167.999878 -13029.314453 1252.104248 -0.075998 0.953316 0.292256 0.796875 -0.921875 1 3 1.000000
  0 -1686.999878 -14260.863281 2140.802490 -0.198745 0.647416 0.735767 0.742188 -0.898438 1 3 1.000000
"ffdtex0.png"
  0 -1686.999878 -14260.863281 2140.802490 -0.198745 0.647416 0.735767 0.742188 -0.898438 1 3 1.000000
  0 -1167.999878 -13029.314453 1252.104248 -0.075998 0.953316 0.292256 0.796875 -0.921875 1 3 1.000000
  0 -4424.028320 -15014.865234 -904.053894 -0.700882 0.702701 0.122371 0.750000 -0.742188 1 19 1.000000
"ffdtex0.png"
  0 -2367.462402 -13625.427734 -272.914917 -0.974790 -0.221796 -0.024319 0.867188 -0.859375 1 20 1.000000
  0 -1167.999878 -13029.314453 1252.104248 -0.075998 0.953316 0.292256 0.796875 -0.921875 1 3 1.000000
  0 -1639.748291 -13157.495117 -559.564392 0.282356 0.957677 -0.055950 0.859375 -0.898438 1 20 1.000000
"ffdtex0.png"
  0 -1167.999878 -13029.314453 1252.104248 -0.075998 0.953316 0.292256 0.796875 -0.921875 1 3 1.000000
  0 -2367.462402 -13625.427734 -272.914917 -0.974790 -0.221796 -0.024319 0.867188 -0.859375 1 20 1.000000
  0 -4424.028320 -15014.865234 -904.053894 -0.700882 0.702701 0.122371 0.750000 -0.742188 1 19 1.000000
"ffdtex0.png"
  0 0.000070 -14358.505859 335.518036 -0.000435 -0.999906 -0.013712 0.968750 -0.820313 1 3 1.000000
  0 -1313.000000 -14515.706055 -774.745483 -0.400482 -0.903253 -0.154107 0.945313 -0.875000 1 3 1.000000
  0 0.000030 -14757.488281 -784.034180 0.000042 -0.941630 -0.336649 0.984375 -0.875000 1 3 1.000000
"ffdtex0.png"
  0 -518.000000 -14351.711914 -1237.548950 -0.206619 -0.694184 -0.689505 0.960938 -0.906250 1 3 1.000000
  0 0.000030 -14757.488281 -784.034180 0.000042 -0.941630 -0.336649 0.984375 -0.875000 1 3 1.000000
  0 -1313.000000 -14515.706055 -774.745483 -0.400482 -0.903253 -0.154107 0.945313 -0.875000 1 3 1.000000
"ffdtex0.png"
  0 -1313.000000 -14515.706055 -774.745483 -0.400482 -0.903253 -0.154107 0.945313 -0.875000 1 3 1.000000
  0 0.000070 -14358.505859 335.518036 -0.000435 -0.999906 -0.013712 0.968750 -0.820313 1 3 1.000000
  0 -2367.462402 -13625.427734 -272.914917 -0.974790 -0.221796 -0.024319 0.867188 -0.859375 1 20 1.000000
"ffdtex0.png"
  0 -5804.786621 -15285.401367 -1434.891479 0.000000 0.000000 0.000000 0.515625 -0.187500 1 21 1.000000
  0 -3670.228027 -14291.534180 -1326.637329 -0.437524 0.847742 0.299845 0.648438 -0.187500 1 11 1.000000
  0 -4515.436035 -13471.237305 -4444.670410 0.715095 -0.407222 -0.568163 0.601563 -0.023438 1 21 1.000000
"ffdtex0.png"
  0 -2342.546631 -12981.184570 -1697.356934 -0.248739 -0.747711 -0.615676 0.742188 -0.148438 1 11 1.000000
  0 -4515.436035 -13471.237305 -4444.670410 0.715095 -0.407222 -0.568163 0.601563 -0.023438 1 21 1.000000
  0 -3670.228027 -14291.534180 -1326.637329 -0.437524 0.847742 0.299845 0.648438 -0.187500 1 11 1.000000
"ffdtex0.png"
  0 -6248.369629 -14788.868164 -4324.312988 0.000000 0.000000 0.000000 0.484375 -0.039063 1 21 1.000000
  0 -5804.786621 -15285.401367 -1434.891479 0.000000 0.000000 0.000000 0.515625 -0.187500 1 21 1.000000
  0 -4515.436035 -13471.237305 -4444.670410 0.715095 -0.407222 -0.568163 0.601563 -0.023438 1 21 1.000000
"ffdtex0.png"
  0 -4515.436035 -13471.237305 -4444.670410 0.715095 -0.407222 -0.568163 0.601563 -0.023438 1 21 1.000000
  0 -5804.786621 -15285.401367 -1434.891479 0.000000 0.000000 0.000000 0.515625 -0.187500 1 21 1.000000
  0 -6248.369629 -14788.868164 -4324.312988 0.000000 0.000000 0.000000 0.484375 -0.039063 1 21 1.000000
"ffdtex0.png"
  0 -4515.436035 -13471.237305 -4444.670410 0.715095 -0.407222 -0.568163 0.601563 -0.023438 1 21 1.000000
  0 -3670.228027 -14291.534180 -1326.637329 -0.437524 0.847742 0.299845 0.648438 -0.187500 1 11 1.000000
  0 -5804.786621 -15285.401367 -1434.891479 0.000000 0.000000 0.000000 0.515625 -0.187500 1 21 1.000000
"ffdtex0.png"
  0 -1728.999878 -14456.571289 1749.992920 0.041499 -0.826733 -0.561062 0.898438 -0.773438 1 3 1.000000
  0 -4424.028320 -15014.865234 -904.053894 -0.700882 0.702701 0.122371 0.750000 -0.742188 1 19 1.000000
  0 -2367.462402 -13625.427734 -272.914917 -0.974790 -0.221796 -0.024319 0.867188 -0.859375 1 20 1.000000
"ffdtex0.png"
  0 -2367.462402 -13625.427734 -272.914917 -0.974790 -0.221796 -0.024319 0.867188 -0.859375 1 20 1.000000
  0 0.000070 -14358.505859 335.518036 -0.000435 -0.999906 -0.013712 0.968750 -0.820313 1 3 1.000000
  0 -1728.999878 -14456.571289 1749.992920 0.041499 -0.826733 -0.561062 0.898438 -0.773438 1 3 1.000000
"ffdtex0.png"
  0 2942.080811 700.452271 2333.636475 -0.610894 0.791145 -0.029988 0.414063 -0.414063 1 34 1.000000
  0 2979.833008 -55.579067 2347.542725 -0.987448 -0.149733 -0.050269 0.453125 -0.406250 1 34 1.000000
  0 3653.661133 699.823669 3212.735352 -0.406799 0.358796 0.840107 0.429688 -0.468750 1 34 1.000000
"ffdtex0.png"
  0 3653.661133 699.823669 3212.735352 -0.406799 0.358796 0.840107 0.429688 -0.468750 1 34 1.000000
  0 2979.833008 -55.579067 2347.542725 -0.987448 -0.149733 -0.050269 0.453125 -0.406250 1 34 1.000000
  0 3645.916748 -57.167603 3172.124512 -0.092590 -0.154455 0.983652 0.460938 -0.460938 1 34 1.000000
"ffdtex0.png"
  0 3653.661133 699.823669 3212.735352 -0.406799 0.358796 0.840107 0.429688 -0.468750 1 34 1.000000
  0 4588.335938 699.118591 2615.733398 0.539775 0.553150 0.634560 0.453125 -0.523438 1 34 1.000000
  0 2942.080811 700.452271 2333.636475 -0.610894 0.791145 -0.029988 0.375000 -0.500000 1 34 1.000000
"ffdtex0.png"
  0 2942.080811 700.452271 2333.636475 -0.610894 0.791145 -0.029988 0.375000 -0.500000 1 34 1.000000
  0 4588.335938 699.118591 2615.733398 0.539775 0.553150 0.634560 0.453125 -0.523438 1 34 1.000000
  0 3722.736816 699.883484 1543.525269 -0.501756 0.561153 -0.658292 0.390625 -0.562500 1 34 1.000000
"ffdtex0.png"
  0 5211.621094 698.754517 677.355530 -0.289877 0.714997 -0.636200 0.453125 -0.640625 1 34 1.000000
  0 3722.736816 699.883484 1543.525269 -0.501756 0.561153 -0.658292 0.390625 -0.562500 1 34 1.000000
  0 5761.960938 698.268311 1357.614258 0.446043 0.831962 0.329976 0.484375 -0.609375 1 34 1.000000
"ffdtex0.png"
  0 5761.960938 698.268311 1357.614258 0.446043 0.831962 0.329976 0.484375 -0.609375 1 34 1.000000
  0 3722.736816 699.883484 1543.525269 -0.501756 0.561153 -0.658292 0.390625 -0.562500 1 34 1.000000
  0 4588.335938 699.118591 2615.733398 0.539775 0.553150 0.634560 0.453125 -0.523438 1 34 1.000000
"ffdtex0.png"
  0 4714.716309 -801.760742 1942.430054 0.875014 -0.484051 -0.006717 0.664063 -0.453125 1 30 1.000000
  0 4701.665527 -2366.346436 511.217957 0.921072 -0.136552 -0.364665 0.656250 -0.343750 1 30 1.000000
  0 3879.324951 -330.437775 1592.541504 -0.301718 0.091962 -0.948952 0.718750 -0.453125 1 30 1.000000
"ffdtex0.png"
  0 3879.324951 -330.437775 1592.541504 -0.301718 0.091962 -0.948952 0.718750 -0.453125 1 30 1.000000
  0 4701.665527 -2366.346436 511.217957 0.921072 -0.136552 -0.364665 0.656250 -0.343750 1 30 1.000000
  0 3536.134033 -1700.653076 12.008730 -0.457798 0.052030 -0.887532 0.726563 -0.343750 1 30 1.000000
"ffdtex0.png"
  0 4714.716309 -801.760742 1942.430054 0.875014 -0.484051 -0.006717 0.664063 -0.453125 1 30 1.000000
  0 4017.452148 -1298.895874 2844.571777 0.428854 -0.417801 0.800954 0.601563 -0.468750 1 30 1.000000
  0 4701.665527 -2366.346436 511.217957 0.921072 -0.136552 -0.364665 0.656250 -0.343750 1 30 1.000000
"ffdtex0.png"
  0 4701.665527 -2366.346436 511.217957 0.921072 -0.136552 -0.364665 0.656250 -0.343750 1 30 1.000000
  0 4017.452148 -1298.895874 2844.571777 0.428854 -0.417801 0.800954 0.601563 -0.468750 1 30 1.000000
  0 3866.102295 -3115.572021 1472.964355 -0.192232 -0.969672 0.150938 0.578125 -0.351563 1 30 1.000000
"ffdtex0.png"
  0 0.000070 -14358.505859 335.518036 -0.000435 -0.999906 -0.013712 0.968750 -0.820313 1 3 1.000000
  0 0.000181 -16237.349609 2344.345459 -0.007002 -0.079517 0.996809 0.984375 -0.718750 1 3 1.000000
  0 -1728.999878 -14456.571289 1749.992920 0.041499 -0.826733 -0.561062 0.898438 -0.773438 1 3 1.000000
"ffdtex0.png"
  0 -4853.918457 -15358.224609 2119.164063 -0.361171 -0.921317 0.143979 0.796875 -0.625000 1 19 1.000000
  0 -1728.999878 -14456.571289 1749.992920 0.041499 -0.826733 -0.561062 0.898438 -0.773438 1 3 1.000000
  0 0.000181 -16237.349609 2344.345459 -0.007002 -0.079517 0.996809 0.984375 -0.718750 1 3 1.000000
"ffdtex0.png"
  0 0.000181 -16237.349609 2344.345459 -0.007002 -0.079517 0.996809 0.984375 -0.718750 1 3 1.000000
  0 -2425.807861 -18244.550781 4654.678711 0.120386 0.963087 0.240772 0.976563 -0.570313 1 19 1.000000
  0 -4853.918457 -15358.224609 2119.164063 -0.361171 -0.921317 0.143979 0.796875 -0.625000 1 19 1.000000
"ffdtex0.png"
  0 -2425.807861 -18244.550781 4654.678711 0.120386 0.963087 0.240772 0.976563 -0.570313 1 19 1.000000
  0 0.000181 -16237.349609 2344.345459 -0.007002 -0.079517 0.996809 0.984375 -0.718750 1 3 1.000000
  0 -4853.918457 -15358.224609 2119.164063 -0.361171 -0.921317 0.143979 0.796875 -0.625000 1 19 1.000000
"ffdtex0.png"
  0 0.000181 -16237.349609 2344.345459 -0.007002 -0.079517 0.996809 0.648438 -0.960938 1 3 1.000000
  0 -1686.999878 -14260.863281 2140.802490 -0.198745 0.647416 0.735767 0.742188 -0.898438 1 3 1.000000
  0 -4853.918457 -15358.224609 2119.164063 -0.361171 -0.921317 0.143979 0.625000 -0.750000 1 19 1.000000
"ffdtex0.png"
  0 -1686.999878 -14260.863281 2140.802490 -0.198745 0.647416 0.735767 0.742188 -0.898438 1 3 1.000000
  0 -4424.028320 -15014.865234 -904.053894 -0.700882 0.702701 0.122371 0.750000 -0.742188 1 19 1.000000
  0 -4853.918457 -15358.224609 2119.164063 -0.361171 -0.921317 0.143979 0.625000 -0.750000 1 19 1.000000
"ffdtex0.png"
  0 -4853.918457 -15358.224609 2119.164063 -0.361171 -0.921317 0.143979 0.796875 -0.625000 1 19 1.000000
  0 -4424.028320 -15014.865234 -904.053894 -0.700882 0.702701 0.122371 0.750000 -0.742188 1 19 1.000000
  0 -7930.361328 -15314.042969 2437.586426 0.000000 0.000000 0.000000 0.695313 -0.546875 1 19 1.000000
"ffdtex0.png"
  0 -4424.028320 -15014.865234 -904.053894 -0.700882 0.702701 0.122371 0.750000 -0.742188 1 19 1.000000
  0 -4853.918457 -15358.224609 2119.164063 -0.361171 -0.921317 0.143979 0.796875 -0.625000 1 19 1.000000
  0 -7930.361328 -15314.042969 2437.586426 0.000000 0.000000 0.000000 0.695313 -0.546875 1 19 1.000000
"ffdtex0.png"
  0 -4424.028320 -15014.865234 -904.053894 -0.700882 0.702701 0.122371 0.750000 -0.742188 1 19 1.000000
  0 -1728.999878 -14456.571289 1749.992920 0.041499 -0.826733 -0.561062 0.898438 -0.773438 1 3 1.000000
  0 -4853.918457 -15358.224609 2119.164063 -0.361171 -0.921317 0.143979 0.796875 -0.625000 1 19 1.000000
"ffdtex0.png"
  0 -6248.369629 -14788.868164 -4324.312988 0.000000 0.000000 0.000000 0.484375 -0.039063 1 21 1.000000
  0 -11269.335938 -17539.662109 -5821.928223 0.000000 0.000000 0.000000 0.187500 -0.000000 1 21 1.000000
  0 -5804.786621 -15285.401367 -1434.891479 0.000000 0.000000 0.000000 0.515625 -0.187500 1 21 1.000000
"ffdtex0.png"
  0 -11269.335938 -17539.662109 -5821.928223 0.000000 0.000000 0.000000 0.187500 -0.000000 1 21 1.000000
  0 -6248.369629 -14788.868164 -4324.312988 0.000000 0.000000 0.000000 0.484375 -0.039063 1 21 1.000000
  0 -5804.786621 -15285.401367 -1434.891479 0.000000 0.000000 0.000000 0.515625 -0.187500 1 21 1.000000
"ffdtex0.png"
  0 4017.452148 -1298.895874 2844.571777 0.428854 -0.417801 0.800954 0.601563 -0.468750 1 30 1.000000
  0 3238.363037 -854.922058 2507.217041 -0.971280 -0.178976 0.156788 0.562500 -0.492188 1 30 1.000000
  0 3866.102295 -3115.572021 1472.964355 -0.192232 -0.969672 0.150938 0.578125 -0.351563 1 30 1.000000
"ffdtex0.png"
  0 3866.102295 -3115.572021 1472.964355 -0.192232 -0.969672 0.150938 0.578125 -0.351563 1 30 1.000000
  0 3238.363037 -854.922058 2507.217041 -0.971280 -0.178976 0.156788 0.562500 -0.492188 1 30 1.000000
  0 2707.126221 -2453.557373 976.492859 -0.900982 -0.402507 -0.161922 0.515625 -0.375000 1 30 1.000000
"ffdtex0.png"
  0 4492.694824 -381.714600 1296.901245 -0.066369 -0.678594 -0.731509 0.578125 -0.546875 1 34 1.000000
  0 5739.754883 141.349792 428.934296 -0.142895 -0.557773 -0.817601 0.554688 -0.625000 1 34 1.000000
  0 4995.794922 -383.159058 1918.906006 0.642059 -0.762017 0.084204 0.531250 -0.539063 1 34 1.000000
"ffdtex0.png"
  0 4995.794922 -383.159058 1918.906006 0.642059 -0.762017 0.084204 0.531250 -0.539063 1 34 1.000000
  0 5739.754883 141.349792 428.934296 -0.142895 -0.557773 -0.817601 0.554688 -0.625000 1 34 1.000000
  0 6103.806152 141.028244 877.877747 0.809451 -0.437210 0.391965 0.523438 -0.617188 1 34 1.000000
"ffdtex0.png"
  0 -4480.202148 -387.847870 -2592.482422 -0.790740 -0.605036 -0.093068 0.531250 -0.539063 1 35 1.000000
  0 -5187.655273 136.479980 -3938.139160 -0.824323 -0.564529 0.042403 0.523438 -0.617188 1 35 1.000000
  0 -3801.703369 -386.888000 -3016.322998 0.106845 -0.731351 -0.673580 0.578125 -0.546875 1 35 1.000000
"ffdtex0.png"
  0 -3801.703369 -386.888000 -3016.322998 0.106845 -0.731351 -0.673580 0.578125 -0.546875 1 35 1.000000
  0 -5187.655273 136.479980 -3938.139160 -0.824323 -0.564529 0.042403 0.523438 -0.617188 1 35 1.000000
  0 -4697.058105 136.451294 -4243.750488 0.489154 -0.428623 -0.759612 0.554688 -0.625000 1 35 1.000000
"ffdtex0.png"
  0 -3637.294434 -3205.294922 -1640.366333 -0.494055 -0.583856 0.644222 0.578125 -0.351563 1 31 1.000000
  0 -2401.948730 -2873.382813 -2266.248535 0.874180 -0.473685 0.106919 0.515625 -0.375000 1 31 1.000000
  0 -3729.232910 -970.719055 -1190.095703 -0.251436 -0.213335 0.944070 0.601563 -0.468750 1 31 1.000000
"ffdtex0.png"
  0 -3729.232910 -970.719055 -1190.095703 -0.251436 -0.213335 0.944070 0.601563 -0.468750 1 31 1.000000
  0 -2401.948730 -2873.382813 -2266.248535 0.874180 -0.473685 0.106919 0.515625 -0.375000 1 31 1.000000
  0 -2898.667969 -750.098511 -1613.640015 0.946194 -0.157975 0.282419 0.562500 -0.492188 1 31 1.000000
"ffdtex0.png"
  0 -4351.466797 -2905.652100 -2899.188477 -0.495857 -0.766835 -0.407541 0.656250 -0.343750 1 31 1.000000
  0 -3637.294434 -3205.294922 -1640.366333 -0.494055 -0.583856 0.644222 0.578125 -0.351563 1 31 1.000000
  0 -4329.158691 -878.976868 -2275.845459 -0.938664 -0.257488 -0.229370 0.664063 -0.453125 1 31 1.000000
"ffdtex0.png"
  0 -4329.158691 -878.976868 -2275.845459 -0.938664 -0.257488 -0.229370 0.664063 -0.453125 1 31 1.000000
  0 -3637.294434 -3205.294922 -1640.366333 -0.494055 -0.583856 0.644222 0.578125 -0.351563 1 31 1.000000
  0 -3729.232910 -970.719055 -1190.095703 -0.251436 -0.213335 0.944070 0.601563 -0.468750 1 31 1.000000
"ffdtex0.png"
  0 -3439.664551 -641.592224 -2717.313965 0.616926 -0.008300 -0.786977 0.718750 -0.453125 1 31 1.000000
  0 -3109.143311 -2571.891602 -3528.519531 -0.003680 -0.044988 -0.998981 0.726563 -0.343750 1 31 1.000000
  0 -4329.158691 -878.976868 -2275.845459 -0.938664 -0.257488 -0.229370 0.664063 -0.453125 1 31 1.000000
"ffdtex0.png"
  0 -4329.158691 -878.976868 -2275.845459 -0.938664 -0.257488 -0.229370 0.664063 -0.453125 1 31 1.000000
  0 -3109.143311 -2571.891602 -3528.519531 -0.003680 -0.044988 -0.998981 0.726563 -0.343750 1 31 1.000000
  0 -4351.466797 -2905.652100 -2899.188477 -0.495857 -0.766835 -0.407541 0.656250 -0.343750 1 31 1.000000
"ffdtex0.png"
  0 -5020.696777 693.737488 -3373.240234 -0.676291 0.705239 0.212764 0.484375 -0.609375 1 35 1.000000
  0 -4321.735840 694.498596 -1801.071777 -0.716938 0.553658 0.423631 0.453125 -0.523438 1 35 1.000000
  0 -4278.539063 693.693604 -3836.735840 0.377487 0.836496 -0.397213 0.453125 -0.640625 1 35 1.000000
"ffdtex0.png"
  0 -4278.539063 693.693604 -3836.735840 0.377487 0.836496 -0.397213 0.453125 -0.640625 1 35 1.000000
  0 -4321.735840 694.498596 -1801.071777 -0.716938 0.553658 0.423631 0.453125 -0.523438 1 35 1.000000
  0 -3153.697266 694.428894 -2532.220947 0.689394 0.560655 -0.458695 0.390625 -0.562500 1 35 1.000000
"ffdtex0.png"
  0 -2673.520752 694.920410 -1530.656860 0.784408 0.359257 0.505606 0.375000 -0.500000 1 35 1.000000
  0 -3153.697266 694.428894 -2532.220947 0.689394 0.560655 -0.458695 0.390625 -0.562500 1 35 1.000000
  0 -3632.967285 694.976929 -931.803894 -0.104336 0.790773 0.603151 0.429688 -0.468750 1 35 1.000000
"ffdtex0.png"
  0 -7077.500488 -16870.992188 4026.522705 0.554700 0.000000 -0.832050 0.804688 -0.453125 1 28 1.000000
  0 -2425.807861 -18244.550781 4654.678711 0.120386 0.963087 0.240772 0.976563 -0.570313 1 19 1.000000
  0 -4853.918457 -15358.224609 2119.164063 -0.361171 -0.921317 0.143979 0.796875 -0.625000 1 19 1.000000
"ffdtex0.png"
  0 -3613.864746 -18392.285156 6312.364746 0.436436 -0.872872 0.218218 0.992188 -0.460938 1 28 1.000000
  0 -2425.807861 -18244.550781 4654.678711 0.120386 0.963087 0.240772 0.976563 -0.570313 1 19 1.000000
  0 -7077.500488 -16870.992188 4026.522705 0.554700 0.000000 -0.832050 0.804688 -0.453125 1 28 1.000000
"ffdtex0.png"
  0 -2425.807861 -18244.550781 4654.678711 0.120386 0.963087 0.240772 0.976563 -0.570313 1 19 1.000000
  0 -7077.500488 -16870.992188 4026.522705 0.554700 0.000000 -0.832050 0.804688 -0.453125 1 28 1.000000
  0 -4853.918457 -15358.224609 2119.164063 -0.361171 -0.921317 0.143979 0.796875 -0.625000 1 19 1.000000
"ffdtex0.png"
  0 -3613.864746 -18392.285156 6312.364746 0.436436 -0.872872 0.218218 0.992188 -0.460938 1 28 1.000000
  0 -7077.500488 -16870.992188 4026.522705 0.554700 0.000000 -0.832050 0.804688 -0.453125 1 28 1.000000
  0 -2425.807861 -18244.550781 4654.678711 0.120386 0.963087 0.240772 0.976563 -0.570313 1 19 1.000000
"ffdtex0.png"
  0 -0.000051 -16149.579102 -3248.393066 0.000239 -0.638063 -0.769984 0.320313 -0.976563 1 17 1.000000
  0 -535.000061 -15727.793945 -3194.473877 -0.687904 -0.200075 -0.697680 0.242188 -0.914063 1 17 1.000000
  0 -0.000072 -15404.173828 -3480.313232 0.000345 0.058711 -0.998275 0.195313 -0.992188 1 17 1.000000
"ffdtex0.png"
  0 -0.000069 -14772.365234 -3197.504639 -0.001397 0.607228 -0.794526 0.101563 -0.945313 1 17 1.000000
  0 -0.000072 -15404.173828 -3480.313232 0.000345 0.058711 -0.998275 0.195313 -0.992188 1 17 1.000000
  0 -369.000061 -15086.224609 -3259.483887 -0.315844 -0.005027 -0.948798 0.164063 -0.937500 1 17 1.000000
"ffdtex0.png"
  0 -535.000061 -15727.793945 -3194.473877 -0.687904 -0.200075 -0.697680 0.242188 -0.914063 1 17 1.000000
  0 -369.000061 -15086.224609 -3259.483887 -0.315844 -0.005027 -0.948798 0.164063 -0.937500 1 17 1.000000
  0 -0.000072 -15404.173828 -3480.313232 0.000345 0.058711 -0.998275 0.195313 -0.992188 1 17 1.000000
"ffdtex0.png"
  0 -535.000061 -15727.793945 -3194.473877 -0.687904 -0.200075 -0.697680 0.242188 -0.914063 1 17 1.000000
  0 -0.000051 -16149.579102 -3248.393066 0.000239 -0.638063 -0.769984 0.320313 -0.976563 1 17 1.000000
  0 -626.000000 -16413.185547 -2506.238770 -0.749084 -0.587723 -0.305703 0.351563 -0.835938 1 17 1.000000
"ffdtex0.png"
  0 -626.000000 -16413.185547 -2506.238770 -0.749084 -0.587723 -0.305703 0.351563 -0.835938 1 17 1.000000
  0 -0.000051 -16149.579102 -3248.393066 0.000239 -0.638063 -0.769984 0.320313 -0.976563 1 17 1.000000
  0 -326.000000 -16768.994141 -2275.498047 -0.278665 -0.956462 -0.086758 0.421875 -0.820313 1 17 1.000000
"ffdtex0.png"
  0 -0.000066 -14761.165039 -3117.257813 -0.000054 0.753112 -0.657893 0.085938 -0.937500 1 17 1.000000
  0 -142.000061 -14677.643555 -3028.661865 -0.172816 0.603417 -0.778475 0.085938 -0.921875 1 17 1.000000
  0 -0.000066 -14548.414063 -3053.814697 0.001094 0.403259 -0.915085 0.070313 -0.929688 1 17 1.000000
"ffdtex0.png"
  0 -0.000069 -14772.365234 -3197.504639 -0.001397 0.607228 -0.794526 0.101563 -0.945313 1 17 1.000000
  0 -59.000069 -14712.535156 -3191.150635 -0.160202 0.900710 -0.403803 0.101563 -0.937500 1 17 1.000000
  0 -142.000061 -14677.643555 -3028.661865 -0.172816 0.603417 -0.778475 0.085938 -0.921875 1 17 1.000000
"ffdtex0.png"
  0 -401.000061 -14893.378906 -3318.027832 -0.430383 0.681397 -0.592005 0.148438 -0.921875 1 17 1.000000
  0 -59.000069 -14712.535156 -3191.150635 -0.160202 0.900710 -0.403803 0.101563 -0.937500 1 17 1.000000
  0 -0.000069 -14772.365234 -3197.504639 -0.001397 0.607228 -0.794526 0.101563 -0.945313 1 17 1.000000
"ffdtex0.png"
  0 -673.000061 -15251.958008 -3027.844971 -0.872422 -0.083404 -0.481584 0.179688 -0.859375 1 17 1.000000
  0 -369.000061 -15086.224609 -3259.483887 -0.315844 -0.005027 -0.948798 0.164063 -0.937500 1 17 1.000000
  0 -535.000061 -15727.793945 -3194.473877 -0.687904 -0.200075 -0.697680 0.242188 -0.914063 1 17 1.000000
"ffdtex0.png"
  0 -535.000061 -15727.793945 -3194.473877 -0.687904 -0.200075 -0.697680 0.242188 -0.914063 1 17 1.000000
  0 -868.000000 -16010.417969 -2112.704834 -0.994258 -0.104830 0.021484 0.281250 -0.757813 1 17 1.000000
  0 -673.000061 -15251.958008 -3027.844971 -0.872422 -0.083404 -0.481584 0.179688 -0.859375 1 17 1.000000
"ffdtex0.png"
  0 -626.000000 -16413.185547 -2506.238770 -0.749084 -0.587723 -0.305703 0.351563 -0.835938 1 17 1.000000
  0 -868.000000 -16010.417969 -2112.704834 -0.994258 -0.104830 0.021484 0.281250 -0.757813 1 17 1.000000
  0 -535.000061 -15727.793945 -3194.473877 -0.687904 -0.200075 -0.697680 0.242188 -0.914063 1 17 1.000000
"ffdtex0.png"
  0 -369.000061 -15086.224609 -3259.483887 -0.315844 -0.005027 -0.948798 0.164063 -0.937500 1 17 1.000000
  0 -401.000061 -14893.378906 -3318.027832 -0.430383 0.681397 -0.592005 0.148438 -0.921875 1 17 1.000000
  0 -0.000069 -14772.365234 -3197.504639 -0.001397 0.607228 -0.794526 0.101563 -0.945313 1 17 1.000000
"ffdtex0.png"
  0 -369.000061 -15086.224609 -3259.483887 -0.315844 -0.005027 -0.948798 0.164063 -0.937500 1 17 1.000000
  0 -673.000061 -15251.958008 -3027.844971 -0.872422 -0.083404 -0.481584 0.179688 -0.859375 1 17 1.000000
  0 -401.000061 -14893.378906 -3318.027832 -0.430383 0.681397 -0.592005 0.148438 -0.921875 1 17 1.000000
"ffdtex0.png"
